,explainlikeimfive.csv,CasualUK.csv,unpopularopinion.csv,politics.csv,AmItheAsshole.csv,TrueUnpopularOpinion.csv,nba.csv,Twitch.csv,relationship_advice.csv,Fitness.csv,anime.csv,worldnews.csv,AgainstHateSubreddits.csv,cursedcomments.csv,Conservative.csv,apple.csv,Jokes.csv,TrueOffMyChest.csv,baseball.csv,nfl.csv,AskReddit.csv,personalfinance.csv,CryptoCurrency.csv,LifeProTips.csv,Tinder.csv,RedPillWomen.csv,NintendoSwitch.csv,Cooking.csv,TwoXChromosomes.csv,Games.csv,australia.csv,teenagers.csv,copypasta.csv,soccer.csv,Liberal.csv,sex.csv,tifu.csv,AskMen.csv,Minecraft.csv,FemaleDatingStrategy.csv,MensRights.csv,MaliciousCompliance.csv,NoFap.csv,antiwork.csv,todayilearned.csv,Piracy.csv,news.csv,movies.csv,leagueoflegends.csv,buildapc.csv,mildlyinteresting.csv,relationships.csv,NoStupidQuestions.csv,askscience.csv,techsupport.csv,AskWomen.csv,sysadmin.csv,IAmA.csv
explainlikeimfive.csv,1.0,0.03389520989336359,0.046625897141278516,0.01849444928891386,0.033938502481624,0.003453638540677817,0.022048388150684217,0.009806682849669457,0.026075655555235056,0.05871388879745709,0.004406605898028881,0.057039770855319194,-0.010025441391835921,-0.0012683316305706072,0.012168405891551104,0.015335390766765156,0.04029950822788175,0.04983911102811189,0.03917768159252488,0.02100142723888465,0.06393654084838729,-0.012754574306169886,0.02123078224257635,0.010744426498644821,0.023979784510661295,0.05223281313535433,0.041548407711959556,-0.02384492626542567,0.009066687525816963,0.027680437256576096,0.03796944236482214,0.03391204889309363,-0.003011428123009141,0.02644837470704897,0.04789682337825829,0.0032382255561339557,0.02732576889797922,0.040363584807482145,0.01617613198025969,0.006827719700002288,-0.001733996926204684,0.02018949101057277,-0.01086737888480438,0.014560031535894358,0.08228815594067163,0.036589955804873675,0.09146213563027916,0.05486306273657737,0.033068076527775436,0.009893309949190354,0.04307444796744375,0.007912528225109239,0.09124852819880158,0.0520549558435347,-0.021020108534602233,0.0339035390768152,0.04043549895398035,0.05882752964131033
CasualUK.csv,0.03389520989336359,1.0,0.02742204274956428,0.0015202668947709164,0.022422480606728024,-6.917796403471677e-05,-0.0015006616588626454,0.005916171287395078,-0.02727473618342202,0.0012200035201908044,0.04438320559771103,0.004540770404811156,0.0038443782012297367,-0.0157163875074946,-0.010041710928072822,0.03470638937519266,0.051968271536685595,-0.006300447907568341,0.019722747809377883,-0.0023323403478632265,0.031257313972887,0.03181335696343912,0.031670678432080046,0.02903744185191548,0.01777029063261437,0.033093572161914775,0.016610617141212147,0.015451715009182299,0.030139015044787665,0.03524839390494294,0.05866710960755073,0.05469287848554849,0.016767809143851786,0.013013097586536015,0.042120197511056,-0.007296241250251967,0.007777889399224525,0.039779974830672304,0.03353759961678937,0.022441926929253286,0.012674536781440704,0.009108752375036056,0.0020273736558914512,0.03096646954496307,0.05663813665604278,-0.007755673172351374,0.049668558406325,0.004626567707496032,0.039395132990148296,-0.003689792913236678,0.08744882695309986,0.02420512690976062,0.0305729690562051,0.02253471922578898,0.029940417172269806,0.013910860122419488,0.009677785883211554,0.02973428032998504
unpopularopinion.csv,0.046625897141278516,0.02742204274956428,1.0,0.02684995839757809,0.04850907623023659,0.0022962203299650152,0.037239763823390226,0.07145940638268944,0.04605599865205845,0.042719018488366456,0.022110130238226833,0.021901113713692633,-0.014542602349714384,-0.0046982039944840626,0.012290979220067388,0.013106187056215024,0.046590785465230766,0.08652197666030825,0.025078059455815316,0.028715088858143112,0.0656280210281609,0.031433126557765645,-0.004838372689605519,0.04962126763275099,0.03874132060275359,0.05510930238718492,-2.2332756042686697e-05,0.053449486071703634,0.014658414847429468,-0.00997245709152872,0.04469738330336759,0.057925065847788115,0.03486893910753919,0.015811512961390273,0.055727844277067784,0.04510757808433952,0.047519539336008165,0.023588956034376052,0.02160704120485235,0.030398946193225584,0.03695704622178542,0.01472107094793318,0.02245038414441536,0.01914225102811773,0.06422831833149667,0.045322038069964155,0.07027852930847012,0.01902621783888514,0.03650273225521561,0.0032273478492985674,0.04846192354963008,0.04358964137961674,0.054397129093978536,0.00702164618872303,-0.03720548877947616,0.06542712939238393,0.03196851268406742,0.05035524922235779
politics.csv,0.01849444928891386,0.0015202668947709164,0.02684995839757809,1.0,0.020349515747867364,-0.06256995532191989,0.01779485891997734,0.025658578158152978,0.03415323485976718,0.019546783953416802,0.041774058837000805,0.11302932774113872,0.019587155850345872,-0.035712164992939055,0.018845091981771867,0.06810850033076954,0.05525489442434317,0.04133256635127913,0.06218019502911609,0.04563321444238244,0.05784410103961657,0.046326604028714136,0.030537205657862,0.06698274873055476,0.056176553291754194,0.01597138272119325,0.03187911219934669,0.02550836391297806,0.0061599330257199325,0.03672156220792666,0.08238625658649879,0.06021716581736203,0.020122284550033176,0.04324214205540611,0.20508963420931958,0.015793868384701204,0.03251091005949236,0.07602453710180623,0.054036334335572755,0.046104401568152764,0.050655532323430785,0.025472038864362556,0.05548552610312374,0.05075497557451947,0.06253831696236523,-0.002472244974358828,0.12930674234747697,0.026569396266245326,0.04069507074441758,0.032450236871370164,0.04894715440582953,0.029315746232031703,0.06768504422142185,0.0018621744703342102,0.005947620393248809,0.07175848829664433,0.051878001728304035,0.030778977924400763
AmItheAsshole.csv,0.033938502481624,0.022422480606728024,0.04850907623023659,0.020349515747867364,1.0,-0.026188606366119194,0.014919902501567828,-0.0015929520964195198,0.041636417438464024,0.029816669320293032,0.023907895993040107,0.0374027024281256,0.032306317662582185,-0.053922138377997086,0.01248023859465619,0.0005566295951693334,0.013665858036110978,0.07964358301688623,0.026013437902501546,0.04613434948181516,0.04550243703810164,0.029274949843779097,0.0035002597628791543,0.0047882876145791675,0.010353248349910138,0.019126254912142593,0.00862491138757171,0.0011367441704118741,0.02729631608616312,0.028376197877309273,0.035323774291563415,0.053522126856673236,0.009939246010901681,0.01596391886967863,0.05294783202833486,0.02604945469098796,0.03779446746270343,0.05984654465286021,-0.027470105174581372,-0.009895303681539014,0.00977218171558114,0.03701342648011996,0.03245391508349804,0.004234632988589504,0.03275660618925946,0.031269504595597075,0.03127574745515038,0.0321287906906812,0.024151887485290513,-0.005680758332885727,0.05047229310487611,0.0641045466476925,0.03283646770335147,0.04063430481482988,-0.002361694461149755,0.06366605856724039,0.028201536882455747,0.029527351666815083
TrueUnpopularOpinion.csv,0.003453638540677817,-6.917796403471677e-05,0.0022962203299650152,-0.06256995532191989,-0.026188606366119194,1.0,-0.12593225059648971,-0.08215292333881075,-0.04682804577068933,-0.018725460301089125,-0.013221768618915997,-0.0007016874980267929,-0.02622924494797907,-0.06818519748297858,0.017977673283155804,-0.09823401787977537,-0.030740436861162346,-0.15940799252050097,-0.08870838238935619,-0.1425333185467026,-0.04817746642401888,-0.06817010186499783,-0.012453040824588868,0.0012145951732421834,-0.05744917264304039,0.005601192924557075,-0.048785213010467565,-0.04508749740186069,-0.03510162697299957,0.018155257337916897,-0.04006286484756272,-0.07801236425251767,-0.08779548136586368,-0.11765224786769757,-0.07407038108795017,-0.05513891176054919,-0.05297239113592456,-0.02305298120463939,-0.06636115986662738,0.012914951398613872,-0.06682845632331613,-0.05341576782129809,-0.1143369838747208,-0.03422684308117718,-0.049175247662366584,-0.030155142521657075,-0.001040823678279068,-0.08746037660294403,-0.011998266374473543,-0.07670749226372742,0.030862018583131534,-0.15380882641362392,-0.03965940968659987,-0.04482376144428013,-0.08069523313484561,-0.013645872824411542,0.054812295761747176,-0.018067287390689968
nba.csv,0.022048388150684217,-0.0015006616588626454,0.037239763823390226,0.01779485891997734,0.014919902501567828,-0.12593225059648971,1.0,0.05116745822730384,0.016689128745732473,0.026182197911973404,0.037046478043954,0.03762244361404243,0.022755278953577318,-0.007937141732880404,0.022540949057386683,0.07026962998246677,0.018020810929577524,0.05916683451576099,0.10663525753760073,0.09613186556003783,0.03176115693456327,-0.004924554680142412,0.030456941694793738,0.02514247740626241,0.06868718057495327,0.016931266688173574,0.04878336013825246,0.012695490812713262,0.016011639917413945,0.03742364511826468,0.038592125353758666,0.054444925450661374,0.007277719596260557,0.06213999014792604,0.07778211076751507,0.008965513364127653,0.019492842780883257,0.06061013819417904,0.03971211733077595,0.02221172395965787,0.02788083870532443,0.013367264099661047,0.0398473998241623,-0.017288721435396504,0.05008890346318484,0.016893550119058243,0.043238558998418886,0.07779555322529452,0.059690827793484336,0.03865174090224599,0.017321944612443962,0.01415855291170176,0.02795956380482645,-0.0020319692865471417,0.03444330381711125,0.047213090309348726,0.029678704447864024,0.028145812261971215
Twitch.csv,0.009806682849669457,0.005916171287395078,0.07145940638268944,0.025658578158152978,-0.0015929520964195198,-0.08215292333881075,0.05116745822730384,1.0,0.004844632084045064,0.05401790849056953,0.027786818897930998,0.05185674723558098,-0.028800718456974517,-0.0031367423751280654,-0.014727657143506434,0.04600490767880683,0.02180922919452033,-0.015480841149809077,0.030728822449833326,0.007052330881950342,0.03068147645515973,0.007342754075067015,0.0038853313221618446,0.0432383857577181,0.009971159672372387,0.014203306509164237,0.05758991472950681,-0.008714734186778372,0.0011603471835683887,0.013446794998614786,0.01624823706184575,0.029431713492384604,0.01717766626177919,0.0009053175811414294,-0.021395556732522136,0.03649673891002814,0.03491740816465516,0.03509016052573288,0.03782977237988494,0.01194128738867517,0.028151109793762785,-0.008020821996943317,0.004301137904219932,0.01587921090490474,0.013188446057321168,0.05611416635026145,0.04485296201047617,0.04980081499571598,0.07385125242131652,0.02574703581991611,0.0218082454493137,0.021714196796914775,-0.006604934397241413,-0.0018796592676078028,0.05577446386492524,0.0017369256426139623,0.021562577607655453,0.0571793897026035
relationship_advice.csv,0.026075655555235056,-0.02727473618342202,0.04605599865205845,0.03415323485976718,0.041636417438464024,-0.04682804577068933,0.016689128745732473,0.004844632084045064,1.0,0.02188180058314626,0.005548222102212064,0.03136864688229468,-0.0029982532206578316,-0.06147136841418965,-0.00495869584114117,0.010574090684403958,0.022432570387115436,0.056539065402082755,0.027467111859113325,0.024111062793726767,0.046067760072349806,0.02329999685289308,0.0395524168883874,0.032037152806851266,0.04567320206258163,-0.026522717549313013,0.0310523707822703,-0.0007565244545575389,0.02249203483589357,0.01852358779059804,0.035452591440147785,0.040653967660736035,-0.004628649106056093,0.029168595379250428,0.06876348603098359,0.02945708183301654,0.03158431134055428,0.04476313337905302,0.006019834978825189,-0.010599296985018158,0.045107820409120536,0.019598010903528307,0.04746283845764865,0.02737013120625309,0.03035317106722213,-0.004046551160728384,0.03816128787843387,0.03147169552844087,0.02838990055444035,0.002892082368001092,0.022865885397280517,0.062158286601621926,0.0483305447668918,0.0120090560270667,-0.02049639270387882,0.038820799640510995,0.022684197073353785,0.026270321411039577
Fitness.csv,0.05871388879745709,0.0012200035201908044,0.042719018488366456,0.019546783953416802,0.029816669320293032,-0.018725460301089125,0.026182197911973404,0.05401790849056953,0.02188180058314626,1.0,0.023675738824915138,0.01101187375712498,-0.0026723465088256404,-0.0028497363345210136,-0.02435795281120967,0.04173425029232425,0.027719671920334754,0.04016342483519564,0.026951598815262545,0.049298493988074066,0.058728713915003006,-0.0023876386173840025,-0.016817851344615775,0.03248966388674823,0.023732192322163503,0.025449173377551815,0.014639959732221874,0.09106170923942147,0.029340534266534823,0.02413131661494361,0.04865911123303812,0.004944949824663092,0.03550027395923627,0.01969183456561907,0.013630415871465962,0.037429754791218905,0.04589196634270887,0.03969584794651282,-0.011207363357076616,0.019700929010001866,-0.015181068736631387,0.04068711052815954,0.024541526469409325,0.009824724698040188,0.0358742544876367,0.030636303996439795,0.03934971224431383,0.02920551451369413,0.048774072823889236,0.06459195171516041,0.04717849813939923,0.041674837405622944,0.05395682022615633,0.04599627053471311,0.05067140527576297,0.02331103821247016,0.04159641885329424,0.04196431312918847
anime.csv,0.004406605898028881,0.04438320559771103,0.022110130238226833,0.041774058837000805,0.023907895993040107,-0.013221768618915997,0.037046478043954,0.027786818897930998,0.005548222102212064,0.023675738824915138,1.0,0.0401248098914746,0.017444706789795816,-0.04592060239563911,0.014116625937010352,0.07215436536353104,0.019553488432191735,0.030340374510871237,0.03208824256470466,0.05924386421722483,0.018490200899736076,0.011160277757024661,0.04327740812605407,0.01906142684946399,0.021368290595577877,0.01403188819900969,0.045996045271982866,0.014604990656437278,0.035577324635044816,0.02846167756142648,0.044749638592068486,0.038605668169459095,0.0035520224595555483,0.020835855661587077,0.10071980626201948,0.02391714509674625,0.03493548850187311,0.011616881117905375,0.019904001383370118,-0.0151907050262301,0.04028604627033161,0.01846923599657746,0.013808709679656084,-0.009996194713331796,0.01912731037032611,0.030427566815258045,0.05272859217833492,0.04310617990003185,0.06114987578075437,0.029358772580887704,0.051436757249883946,0.029800113867812783,0.03714732033282031,0.019768173596426353,0.002285017928403521,-0.0016410299671050232,0.03280877517633196,0.019222063003084378
worldnews.csv,0.057039770855319194,0.004540770404811156,0.021901113713692633,0.11302932774113872,0.0374027024281256,-0.0007016874980267929,0.03762244361404243,0.05185674723558098,0.03136864688229468,0.01101187375712498,0.0401248098914746,1.0,0.012995034004990913,-0.0032476706502282404,0.06949581624616186,0.06509492218687118,0.034178728768857525,0.02775940828606327,0.04081224470099121,0.05349138214311744,0.03236820970131349,0.013807676195065732,0.00804049827962472,0.05879370157964847,0.018666199001659667,0.009419439804336571,0.029031657558541646,0.01846241351428657,0.05390590738488754,0.03350974269059226,0.0951681982170649,0.00532107228693357,0.042587912822970586,0.06525896719641777,0.15432171814403461,0.006115475044985552,0.02184348908645506,0.036969571534125056,0.00013422068949597854,0.01576141921947316,0.06182654009568178,0.034511460070236755,0.011091341739576044,-0.01663431359037504,0.12799526172414866,0.0788831582730325,0.24432593672104042,0.046005073898687465,0.04107773158714756,0.042882524252815135,0.10708671978774453,0.013752539981520484,0.07031943500909965,0.04914729217900049,0.0008658001590703401,0.0016536604787528164,0.04316412070063658,0.061667258541539316
AgainstHateSubreddits.csv,-0.010025441391835921,0.0038443782012297367,-0.014542602349714384,0.019587155850345872,0.032306317662582185,-0.02622924494797907,0.022755278953577318,-0.028800718456974517,-0.0029982532206578316,-0.0026723465088256404,0.017444706789795816,0.012995034004990913,1.0,0.013475283268750471,0.0036113524842982248,-0.008924965727401313,-0.008208160486293803,0.020867573119069616,-0.0167474411233679,0.02278661907025148,0.0024317818254794288,0.026215218452411593,0.018314135490634542,-0.01061188249561229,-0.013424559741143982,-0.011838666669940157,-0.03936523322205798,0.005771063773229335,-0.010974761207271033,0.02028957393284836,0.011155497741416665,0.02131067192208913,-0.026812302751112904,0.05561786531578805,0.020043694723607564,-0.015083332614415967,0.010740890824117777,0.012765460504874149,0.01691066365534455,-0.007960995555132966,0.002486746016237107,0.00017263472705575378,-0.011625711459827048,-0.021571203867561506,0.02959433395825084,-0.02186401700359597,0.026707675682163368,0.024968004122509324,-0.014422332206878385,0.010000071016923351,0.0028414638819311833,0.015552637058755314,-0.019270871246420684,0.007503093323485199,0.011946074052958111,-0.027682484087798498,-0.0024184971610821115,0.037624552513805476
cursedcomments.csv,-0.0012683316305706072,-0.0157163875074946,-0.0046982039944840626,-0.035712164992939055,-0.053922138377997086,-0.06818519748297858,-0.007937141732880404,-0.0031367423751280654,-0.06147136841418965,-0.0028497363345210136,-0.04592060239563911,-0.0032476706502282404,0.013475283268750471,1.0,0.00600196000819353,-0.045853307696040124,-0.028427877268903057,0.016000228516312665,-0.02379867448882167,0.012733311337802422,-0.002885349675688209,0.0007493911754022919,0.046263196363319214,-0.02938661771423723,0.005764677336333235,0.014832292251529267,0.0015909688707731462,-0.031024820964871358,0.019512155654885954,0.0009616322490300089,0.005851972949744377,0.016777528314502632,0.05687917854036639,-0.016699782067704616,-0.01683968719308737,-0.04484175397300727,0.027700838017703733,-0.021821012361953107,-0.058624679784178735,0.04581808374764773,-0.04408659237851564,-0.008210682188191987,0.0383531722041468,0.03435883285665087,0.03428732956058822,0.03092266896283513,0.05229291329948482,-0.057917373280655715,0.024614613861805412,0.05744593645558704,0.0470214898502026,0.015820590961138525,0.021786092678161006,0.04941156402181779,0.03536948189222333,0.01524814815655684,0.03600974097071086,-0.003943967802817028
Conservative.csv,0.012168405891551104,-0.010041710928072822,0.012290979220067388,0.018845091981771867,0.01248023859465619,0.017977673283155804,0.022540949057386683,-0.014727657143506434,-0.00495869584114117,-0.02435795281120967,0.014116625937010352,0.06949581624616186,0.0036113524842982248,0.00600196000819353,1.0,0.02656390358271643,0.020210779307531568,0.01283353603610915,0.02013994804558039,0.035728134332816186,0.012532729687350308,0.03899447609213069,0.022785296250839138,0.02399102066950154,0.010327857120406514,-0.01701886012929399,0.035416085633060534,0.002438922048463965,0.03744758251057767,0.018214876036913852,0.01964108310859869,-0.008027641029879629,0.010183212923961626,0.015365378067949353,0.0997271048120536,0.004264054526043393,-0.017275559188350664,0.009229627275758157,0.018785466161315933,0.025355731973111473,0.07262957027330974,0.04496635903551671,0.02518819837184283,0.02592505644773313,0.023134623116666475,0.03238792917297151,0.07026423610338994,0.03929552847735063,0.012832197343472296,0.0014666156069184089,0.06160645240247831,0.02130815988629986,0.01524983042233774,-0.01772952446997622,-0.0008007354526207155,-0.00942544355912811,0.008403876297354618,0.020990500957198677
apple.csv,0.015335390766765156,0.03470638937519266,0.013106187056215024,0.06810850033076954,0.0005566295951693334,-0.09823401787977537,0.07026962998246677,0.04600490767880683,0.010574090684403958,0.04173425029232425,0.07215436536353104,0.06509492218687118,-0.008924965727401313,-0.045853307696040124,0.02656390358271643,1.0,0.03873176806317569,0.02424165690280511,0.07270364546920915,0.060916759610037396,0.043334945587009344,0.027155938919445344,0.06481061455924797,0.028903506400821954,0.020435673162440104,0.0041379991802253935,0.07608321699531773,0.002246249513805032,0.0194833404793745,0.051433390372252474,0.038769251920752756,0.026456352115410198,0.03442657523349257,0.04179103556702557,0.092117723786452,0.06767098905574209,0.030313781025668285,0.016814968239957984,0.040694491240348296,0.009565305163205862,0.05988470710192162,0.05048251983683172,0.014315271671460073,0.0142664215776247,0.07344990594307632,0.050507539161601445,0.08565071366089017,0.07911797052518665,0.07279505358230731,0.028607460929492512,0.059119461623359015,0.03134197461680255,0.049308675448763384,-0.004577532168536846,0.07387457936086739,0.002506266318833328,0.05348487403948454,0.04171265512046629
Jokes.csv,0.04029950822788175,0.051968271536685595,0.046590785465230766,0.05525489442434317,0.013665858036110978,-0.030740436861162346,0.018020810929577524,0.02180922919452033,0.022432570387115436,0.027719671920334754,0.019553488432191735,0.034178728768857525,-0.008208160486293803,-0.028427877268903057,0.020210779307531568,0.03873176806317569,1.0,0.04001891338209229,0.034163300164363086,0.0007386687590609231,0.058003625986032925,0.013448673812271883,0.013489276564605301,0.02712978031439195,0.05423325320263728,0.05011041779055925,-0.0007477622025302555,0.029975427146508582,0.007639313319182106,0.01553836527125585,0.04384451629896191,0.036822329349670335,0.026725521423267895,0.01978436077473833,0.0929730701954572,0.029420042100066546,0.031601317905187054,0.06893607329272322,0.0016348383002079414,0.03264836289793316,0.016008749375733045,0.0349672191508561,0.04331730183803406,0.02496085561410699,0.07423836802639316,0.02383557462825614,0.07235208477667099,0.03130583227085604,0.021204369667501277,0.018854391670587778,0.057786382511464396,0.015523092265700478,0.061645971510586595,-0.002517511085605051,0.01995021598501745,0.06494305996562011,0.03283384615328644,0.03417049293721586
TrueOffMyChest.csv,0.04983911102811189,-0.006300447907568341,0.08652197666030825,0.04133256635127913,0.07964358301688623,-0.15940799252050097,0.05916683451576099,-0.015480841149809077,0.056539065402082755,0.04016342483519564,0.030340374510871237,0.02775940828606327,0.020867573119069616,0.016000228516312665,0.01283353603610915,0.02424165690280511,0.04001891338209229,1.0,0.04832091703036223,0.053533986255800414,0.0857138407904865,0.018662935032018657,0.002257579242367025,0.01070012071781945,0.09094506808629133,0.001757402848681755,0.008109191829821727,0.016253993102750774,0.07651142082767581,0.04858192978312137,0.054562285881292416,0.07482818145685344,0.02756163187586269,0.06155512095477733,0.0426266147866502,0.04262924226488707,0.053422604320795486,0.07914218384366378,0.008645910231219411,0.005859676245297707,0.027636341803670916,0.04880406278432181,0.06545684754339898,0.043039622728197835,0.071707395179752,-0.02929968318190701,0.047010071796852015,0.03964458150221706,0.0673541403395691,0.04793111957434337,0.08697389298840486,0.06409702943234652,0.07022439978715256,0.025016522706838518,0.009271470516275637,0.06622986450766466,-0.0024937116113201707,0.04450553323955497
baseball.csv,0.03917768159252488,0.019722747809377883,0.025078059455815316,0.06218019502911609,0.026013437902501546,-0.08870838238935619,0.10663525753760073,0.030728822449833326,0.027467111859113325,0.026951598815262545,0.03208824256470466,0.04081224470099121,-0.0167474411233679,-0.02379867448882167,0.02013994804558039,0.07270364546920915,0.034163300164363086,0.04832091703036223,1.0,0.10745465503163876,0.059505483772905765,0.020102554969305797,0.006445321483651623,0.03419154171092009,0.047730397105842925,-0.011393171034582927,0.039713761864801356,0.02185761974151168,0.011140590661329108,0.032316938326449884,0.0734891728007031,0.03419209472343354,0.0075415386175006205,0.0715315987838906,0.04922970015262529,0.01794144663635855,0.043883335844317806,0.0551815386616592,0.06238361440639251,0.03347287243606856,0.0579147112998738,0.025953538530421705,0.057181807028722775,0.04181110640465324,0.04705513354602753,-0.009343532776296515,0.05171827941023821,0.07110480086259385,0.05369951078410862,0.022116595353088297,0.09439433364099492,0.027134586768349123,0.071425883126363,-0.003865182497503561,0.01950405806149691,0.0042063424500331514,0.053938344126563065,0.03319306181071835
nfl.csv,0.02100142723888465,-0.0023323403478632265,0.028715088858143112,0.04563321444238244,0.04613434948181516,-0.1425333185467026,0.09613186556003783,0.007052330881950342,0.024111062793726767,0.049298493988074066,0.05924386421722483,0.05349138214311744,0.02278661907025148,0.012733311337802422,0.035728134332816186,0.060916759610037396,0.0007386687590609231,0.053533986255800414,0.10745465503163876,1.0,0.037722427931070945,0.0350239148449506,0.024814491038679498,0.027004389330948175,0.009563536736304834,0.005947870880384287,0.03598424570412084,0.02616319163189884,0.03296590530436794,0.04043795404507278,0.05609172574852994,0.03484801303775609,0.006509606537786872,0.07355619839497085,0.08231491382875278,0.009645949142021437,0.014081296864947968,0.021773398701835367,0.035443144821554085,-0.002069281818075197,0.012565867727059254,0.025440571651068944,0.03085206907385596,-0.01712071042751484,0.028423313025822017,0.048727338877936344,0.06097858480123475,0.06564047006332596,0.043573316200232304,0.032254670604854874,0.015934610088026768,0.025403611651580338,0.026535562774039678,0.0037811827101237316,0.001274547446284191,0.030168791973258946,0.04053549930445566,0.00888042316112958
AskReddit.csv,0.06393654084838729,0.031257313972887,0.0656280210281609,0.05784410103961657,0.04550243703810164,-0.04817746642401888,0.03176115693456327,0.03068147645515973,0.046067760072349806,0.058728713915003006,0.018490200899736076,0.03236820970131349,0.0024317818254794288,-0.002885349675688209,0.012532729687350308,0.043334945587009344,0.058003625986032925,0.0857138407904865,0.059505483772905765,0.037722427931070945,1.0,0.04795090409572855,0.037135144569206746,0.09153949362634728,0.08618487113472684,0.018031128692428178,0.022956047844511107,0.040407141173356864,0.04239323741680423,0.035747254958587216,0.07909181188024339,0.07133622685844565,0.015519123236592436,0.04648514026110062,0.06598163644556687,0.051022891590321695,0.07985446320972034,0.14165864360202574,0.010931516360785154,0.02053635840364121,0.045934942732511086,0.034417058904418596,0.06444986594863022,0.0002137915732772777,0.06620158323028291,0.03280252498685399,0.08179064252847701,0.05936847148411084,0.028598388367747196,0.03267717454165786,0.082347578184774,0.057069323373790115,0.10131137027829318,0.024816300384356227,-0.0006768563415926465,0.1424394486539673,0.02614785859010449,0.043676250292425944
personalfinance.csv,-0.012754574306169886,0.03181335696343912,0.031433126557765645,0.046326604028714136,0.029274949843779097,-0.06817010186499783,-0.004924554680142412,0.007342754075067015,0.02329999685289308,-0.0023876386173840025,0.011160277757024661,0.013807676195065732,0.026215218452411593,0.0007493911754022919,0.03899447609213069,0.027155938919445344,0.013448673812271883,0.018662935032018657,0.020102554969305797,0.0350239148449506,0.04795090409572855,1.0,0.03322464243312573,0.015233815925618233,0.039818136978401086,0.001836721827231047,0.02147754655066425,0.05208085798371165,-0.0033176841975481874,0.004618417929269203,0.03712225379045053,0.04635406437106304,-0.00831412257649089,0.011910689777265282,0.03138800371373551,0.06300961897104995,0.018238291046851485,0.03159147010619956,-0.0018297683364203454,0.031170571588981066,0.0181236122333005,0.00800038873189346,0.002138541036130981,-0.00968799008307375,0.025322412982377585,0.01777377401759872,0.036376955401344,0.011483151343594789,0.02219192784578894,0.051870703836791265,0.03774087863466857,0.025685572263760337,0.026153097459725938,0.046079612083952615,0.024072183616335008,0.04868288765308715,0.039671857026483126,0.016780375049559315
CryptoCurrency.csv,0.02123078224257635,0.031670678432080046,-0.004838372689605519,0.030537205657862,0.0035002597628791543,-0.012453040824588868,0.030456941694793738,0.0038853313221618446,0.0395524168883874,-0.016817851344615775,0.04327740812605407,0.00804049827962472,0.018314135490634542,0.046263196363319214,0.022785296250839138,0.06481061455924797,0.013489276564605301,0.002257579242367025,0.006445321483651623,0.024814491038679498,0.037135144569206746,0.03322464243312573,1.0,0.027288179231843457,2.934616462701989e-05,0.00015150031897837035,0.02307340475255959,0.024281960445996842,0.01701400231308281,0.021544137746467018,0.034127766358768574,0.03361176512437558,-0.007915207476311803,-0.001323918923700207,0.08060988786693624,-0.0009710427035052316,0.02861165780578312,0.002965053934989581,-0.0033165051850152505,0.005774864916359479,0.0317369201633535,0.01333796042112001,0.03786992666662892,0.03734720091509536,0.024161823949264027,0.03249690122848048,0.016186793182096593,0.030981877770269506,0.021619516453011633,0.030490046451999153,0.020231783677386206,0.003964787149760229,0.010233475787236102,0.01812986518256432,0.037963927101851924,0.0003044285564862692,0.05288592352401045,0.018196911594552945
LifeProTips.csv,0.010744426498644821,0.02903744185191548,0.04962126763275099,0.06698274873055476,0.0047882876145791675,0.0012145951732421834,0.02514247740626241,0.0432383857577181,0.032037152806851266,0.03248966388674823,0.01906142684946399,0.05879370157964847,-0.01061188249561229,-0.02938661771423723,0.02399102066950154,0.028903506400821954,0.02712978031439195,0.01070012071781945,0.03419154171092009,0.027004389330948175,0.09153949362634728,0.015233815925618233,0.027288179231843457,1.0,0.03759744287998512,0.011819801667233065,0.029038940291170046,0.033291095332110165,0.020990921799530327,0.023479422244446435,0.06090944168560397,0.035859597307444147,-0.016984964731060037,0.02500988874723087,0.05810984389852458,0.028703785152173866,0.03467317744497711,0.042490570418187934,0.03140246583315842,0.0033729904005112,0.014108757725353582,0.03522560212779491,0.05935025268672345,-0.06045826464409232,0.04744857552881587,0.003923701443695471,0.04053791688529762,0.05353094711034512,0.032220418321705746,0.016186983001721278,0.0647234643790473,0.023965227448454307,0.01883496585561928,0.021045888080873265,0.033050596644943586,0.0589874301050628,0.024337894879543742,0.03459382835167879
Tinder.csv,0.023979784510661295,0.01777029063261437,0.03874132060275359,0.056176553291754194,0.010353248349910138,-0.05744917264304039,0.06868718057495327,0.009971159672372387,0.04567320206258163,0.023732192322163503,0.021368290595577877,0.018666199001659667,-0.013424559741143982,0.005764677336333235,0.010327857120406514,0.020435673162440104,0.05423325320263728,0.09094506808629133,0.047730397105842925,0.009563536736304834,0.08618487113472684,0.039818136978401086,2.934616462701989e-05,0.03759744287998512,1.0,0.03127111014537953,0.035911778063073774,0.03825151775523483,0.04190673657724531,0.05536773382641014,0.043231748667344694,0.08508891416632969,0.04299014824038372,0.04366299581575617,0.014936031631081925,0.07986034981652612,0.04771820943535121,0.06883387444348688,0.04163798833979249,0.026323937408654685,0.019999395342892856,-0.008858547942171224,0.0827222615299057,0.046995242770160095,0.04314268898270035,0.027942470416626675,-0.0026256578071399694,0.0494677031942834,0.05493604025478116,0.01942381809428506,0.08466104586767353,0.027772689722327604,0.046787163215242566,-0.027981503532402252,0.02221185596786479,0.07297748492098721,-0.006008324852587066,0.020169096197890424
RedPillWomen.csv,0.05223281313535433,0.033093572161914775,0.05510930238718492,0.01597138272119325,0.019126254912142593,0.005601192924557075,0.016931266688173574,0.014203306509164237,-0.026522717549313013,0.025449173377551815,0.01403188819900969,0.009419439804336571,-0.011838666669940157,0.014832292251529267,-0.01701886012929399,0.0041379991802253935,0.05011041779055925,0.001757402848681755,-0.011393171034582927,0.005947870880384287,0.018031128692428178,0.001836721827231047,0.00015150031897837035,0.011819801667233065,0.03127111014537953,1.0,0.01563166316149356,0.020011485833065445,0.00419231706597023,-0.03304805624110596,0.01830839229997905,0.027462387394397547,0.00712640453302027,0.007545418295258344,0.018587018176453696,0.020113910165380777,0.028857721690836446,0.04161093965317686,-0.01197934409469914,0.010321843372948503,-0.0020244043249462162,0.03551392462834824,-0.019477474785634552,-0.017555068028307197,0.01537606483399645,0.04856198618318852,0.03868848112669332,-0.048283117174447554,0.0066236790484140995,0.006258381236938226,0.019398461833181835,0.06339542451483604,0.04271390674335185,0.039065973733340864,-0.03716335945913918,0.024366871077126095,-0.008665574277616717,0.05116729942002396
NintendoSwitch.csv,0.041548407711959556,0.016610617141212147,-2.2332756042686697e-05,0.03187911219934669,0.00862491138757171,-0.048785213010467565,0.04878336013825246,0.05758991472950681,0.0310523707822703,0.014639959732221874,0.045996045271982866,0.029031657558541646,-0.03936523322205798,0.0015909688707731462,0.035416085633060534,0.07608321699531773,-0.0007477622025302555,0.008109191829821727,0.039713761864801356,0.03598424570412084,0.022956047844511107,0.02147754655066425,0.02307340475255959,0.029038940291170046,0.035911778063073774,0.01563166316149356,1.0,0.039564643939538735,0.0220115896204518,0.05185122725421942,0.03071910611052664,0.02083768503482264,-0.007825706510707464,0.017168670505299355,0.015864922293201134,0.02579059797352312,0.019705678562563,0.01993503570902444,0.0070032410839279136,0.04105379165767631,0.028514958782491884,0.03437921063141536,0.034093143841804174,0.066310411955951,0.03241084465757027,0.032390436586302696,0.013436361137885267,0.05468516214153585,0.056858015508403414,0.01951007792601145,0.03749988318926467,0.03060123878946397,0.010190147307971298,0.019430254232160493,0.04522675639568108,0.006855551724395337,0.03554444129692158,-0.001965250532547147
Cooking.csv,-0.02384492626542567,0.015451715009182299,0.053449486071703634,0.02550836391297806,0.0011367441704118741,-0.04508749740186069,0.012695490812713262,-0.008714734186778372,-0.0007565244545575389,0.09106170923942147,0.014604990656437278,0.01846241351428657,0.005771063773229335,-0.031024820964871358,0.002438922048463965,0.002246249513805032,0.029975427146508582,0.016253993102750774,0.02185761974151168,0.02616319163189884,0.040407141173356864,0.05208085798371165,0.024281960445996842,0.033291095332110165,0.03825151775523483,0.020011485833065445,0.039564643939538735,1.0,0.027644364854090275,0.007887692014237113,0.0394122777135657,0.03608096421447882,0.03366795966107572,0.00950820681530562,-0.006051364976013218,0.053729515443278864,0.028977332973551095,0.06280972169704035,-0.013344144068371033,0.0311471464770694,0.0005585633266630419,0.011014752128584937,0.04316739735097286,0.019471651587090966,0.028733201152326804,-0.0029282234748655434,0.048790315089001335,0.05082734379718867,0.04594815206261682,0.04587509119153943,0.04109577796176289,0.028475637853027203,0.010398719080215946,0.04246764777677914,0.047361212515839246,0.04460536396603676,0.02465473150178521,0.02818635790013746
TwoXChromosomes.csv,0.009066687525816963,0.030139015044787665,0.014658414847429468,0.0061599330257199325,0.02729631608616312,-0.03510162697299957,0.016011639917413945,0.0011603471835683887,0.02249203483589357,0.029340534266534823,0.035577324635044816,0.05390590738488754,-0.010974761207271033,0.019512155654885954,0.03744758251057767,0.0194833404793745,0.007639313319182106,0.07651142082767581,0.011140590661329108,0.03296590530436794,0.04239323741680423,-0.0033176841975481874,0.01701400231308281,0.020990921799530327,0.04190673657724531,0.00419231706597023,0.0220115896204518,0.027644364854090275,1.0,0.005758718730352719,0.04238110423615149,0.04773923679327907,0.0013201188226958926,0.020816268524323722,0.07312520889142715,0.037068945493644034,0.033327974275634054,0.062230059838492835,0.011552977184452362,-0.010514426837359814,0.01875190360749368,0.008699278635921792,0.022730373240782087,0.026755141282763018,0.0437741154613327,0.015434198529176935,0.061023559856556386,0.038849912610740556,0.02140529369481936,0.015221734359478045,0.05264848535815536,0.043305718073995525,0.044476226492919935,0.028010004739950523,0.018805976585996698,0.03725914181025658,0.026921372042364777,0.040580516427204394
Games.csv,0.027680437256576096,0.03524839390494294,-0.00997245709152872,0.03672156220792666,0.028376197877309273,0.018155257337916897,0.03742364511826468,0.013446794998614786,0.01852358779059804,0.02413131661494361,0.02846167756142648,0.03350974269059226,0.02028957393284836,0.0009616322490300089,0.018214876036913852,0.051433390372252474,0.01553836527125585,0.04858192978312137,0.032316938326449884,0.04043795404507278,0.035747254958587216,0.004618417929269203,0.021544137746467018,0.023479422244446435,0.05536773382641014,-0.03304805624110596,0.05185122725421942,0.007887692014237113,0.005758718730352719,1.0,0.03786399128156326,0.010615380152928067,0.007263885354636068,0.03680394781140994,0.04609974951112639,-0.00043786350963248566,0.01684898421681358,-0.013510019540878826,0.004610985861030481,-0.013733480663632003,0.028002866860591058,0.04097399375993571,0.034195799554254,0.00021566831277486376,0.022530325797947115,0.07823537078098597,0.05121178376330626,0.08545748428711375,0.011528010815913148,0.02603610223420516,0.005560125717653741,0.014223564948219414,0.03405399873282544,0.016201971835922424,0.04890267483918065,0.02227769519198486,0.04115981030545934,0.03158971775393571
australia.csv,0.03796944236482214,0.05866710960755073,0.04469738330336759,0.08238625658649879,0.035323774291563415,-0.04006286484756272,0.038592125353758666,0.01624823706184575,0.035452591440147785,0.04865911123303812,0.044749638592068486,0.0951681982170649,0.011155497741416665,0.005851972949744377,0.01964108310859869,0.038769251920752756,0.04384451629896191,0.054562285881292416,0.0734891728007031,0.05609172574852994,0.07909181188024339,0.03712225379045053,0.034127766358768574,0.06090944168560397,0.043231748667344694,0.01830839229997905,0.03071910611052664,0.0394122777135657,0.04238110423615149,0.03786399128156326,1.0,0.049964241507057805,0.015486158524987137,0.06922176668151958,0.11731758894610356,0.01510608738573982,0.0267945989721462,0.035899912724957295,0.036806370433354885,0.008736726760401714,0.032700634248560845,0.03658393045286501,0.036484897065501065,0.006518915243436174,0.09115220693334669,0.07664415890134002,0.11456284760919078,0.025789683827796228,0.032682331216637994,0.015711996153636165,0.09039789471840365,0.035279920353869954,0.03519554229727884,0.019472939507623743,0.02925993400706517,0.03556053210107135,0.07510028226996912,0.05028500751293907
teenagers.csv,0.03391204889309363,0.05469287848554849,0.057925065847788115,0.06021716581736203,0.053522126856673236,-0.07801236425251767,0.054444925450661374,0.029431713492384604,0.040653967660736035,0.004944949824663092,0.038605668169459095,0.00532107228693357,0.02131067192208913,0.016777528314502632,-0.008027641029879629,0.026456352115410198,0.036822329349670335,0.07482818145685344,0.03419209472343354,0.03484801303775609,0.07133622685844565,0.04635406437106304,0.03361176512437558,0.035859597307444147,0.08508891416632969,0.027462387394397547,0.02083768503482264,0.03608096421447882,0.04773923679327907,0.010615380152928067,0.049964241507057805,1.0,0.0032689602959496966,0.02295541022601888,0.0621383262068147,0.036423271620554476,0.043429121042023455,0.08375223773168416,0.07277545998556445,0.051577291719946405,0.03364470734491698,-0.007916978454260537,0.05713968088825794,-0.005276906326438624,0.03597126860218225,-0.0022448535825154714,0.02508432764129742,0.06305188678370854,0.026279796434879765,-0.0017355604528415114,0.05115697305327627,0.03381506417771096,0.05394226513979883,-0.019310751195041664,0.0385810568313627,0.06302661575319557,0.007061168956887798,0.0073480502823846106
